CACHE type 5 produced by analog 6.0/Unix. Do not modify or delete!
T	0	0	4	2	0	4	90
D	25805482	25805512
17920	137	2	1	3
17920	142	2	1	87
1	2	2	0	3	25805512	0	25805484	25805485	0	25776911	90	/
1	2	0	0	0	25805512	0	0	25805485	0	0	0	/favicon.ico
1	0	0	0	1	0	0	25805482	0	0	25805482	0	/?105.112.38.202
3	2	0	0	0	25805512	0	0	25805485	0	0	0	https://executes.pro-filr.com/
4	4	2	0	4	25805512	0	25805484	25805485	0	25776911	90	Mozilla/5.0 (Windows NT 10.0; Win64; x64) AppleWebKit/537.36 (KHTML, like Gecko) Chrome/71.0.3578.98 Safari/537.36
5	4	2	0	2	25805512	0	25805484	25805485	0	25805482	90	197.157.216.15
5	0	0	0	2	0	0	25776912	0	0	25776911	0	105.112.38.202
z	0	2	0	25805512	0
z	1	1	1	25805485	3
z	2	1	1	25805512	87
c	200	4	25805512
c	500	4	25805484
